object Report: TReport
  Left = 0
  Top = 0
  Caption = #1054#1090#1095#1105#1090
  ClientHeight = 400
  ClientWidth = 675
  Color = clBtnFace
  Font.Charset = DEFAULT_CHARSET
  Font.Color = clWindowText
  Font.Height = -19
  Font.Name = 'Tahoma'
  Font.Style = []
  OldCreateOrder = False
  PixelsPerInch = 96
  TextHeight = 23
  object Panel1: TPanel
    Left = 0
    Top = 0
    Width = 675
    Height = 51
    Align = alTop
    TabOrder = 0
    object Label1: TLabel
      Left = 16
      Top = 13
      Width = 204
      Height = 23
      Caption = #1057#1092#1086#1088#1084#1080#1088#1086#1074#1072#1090#1100' '#1086#1090#1095#1105#1090' '#1089' '
    end
    object Label2: TLabel
      Left = 376
      Top = 13
      Width = 21
      Height = 23
      Caption = #1087#1086
    end
    object DateTimePicker1: TDateTimePicker
      Left = 226
      Top = 13
      Width = 135
      Height = 25
      Date = 42045.660050057870000000
      Time = 42045.660050057870000000
      TabOrder = 0
    end
    object DateTimePicker2: TDateTimePicker
      Left = 418
      Top = 13
      Width = 135
      Height = 25
      Date = 42045.660050057870000000
      Time = 42045.660050057870000000
      TabOrder = 1
    end
    object Button1: TButton
      Left = 568
      Top = 7
      Width = 97
      Height = 38
      Caption = #1053#1072#1095#1072#1090#1100
      TabOrder = 2
    end
  end
  object Panel2: TPanel
    Left = 0
    Top = 51
    Width = 675
    Height = 308
    Align = alClient
    TabOrder = 1
    ExplicitLeft = 8
    ExplicitTop = 55
    ExplicitHeight = 310
  end
  object Panel3: TPanel
    Left = 0
    Top = 359
    Width = 675
    Height = 41
    Align = alBottom
    TabOrder = 2
    ExplicitLeft = 256
    ExplicitTop = 200
    ExplicitWidth = 185
  end
end
